6.520000000000000000e+02 1.420000000000000000e+02 1.500000000000000000e+01
6.880000000000000000e+02 1.420000000000000000e+02 1.500000000000000000e+01
1.008000000000000000e+03 1.420000000000000000e+02 1.500000000000000000e+01
1.648000000000000000e+03 1.420000000000000000e+02 1.500000000000000000e+01
3.690000000000000000e+02 1.430000000000000000e+02 1.600000000000000000e+01
1.190000000000000000e+02 1.440000000000000000e+02 1.400000000000000000e+01
1.540000000000000000e+02 1.440000000000000000e+02 1.400000000000000000e+01
1.880000000000000000e+02 1.440000000000000000e+02 1.500000000000000000e+01
2.610000000000000000e+02 1.440000000000000000e+02 1.400000000000000000e+01
2.970000000000000000e+02 1.440000000000000000e+02 1.400000000000000000e+01
3.320000000000000000e+02 1.440000000000000000e+02 1.400000000000000000e+01
4.010000000000000000e+02 1.440000000000000000e+02 1.500000000000000000e+01
4.370000000000000000e+02 1.440000000000000000e+02 1.500000000000000000e+01
4.740000000000000000e+02 1.440000000000000000e+02 1.400000000000000000e+01
5.080000000000000000e+02 1.440000000000000000e+02 1.500000000000000000e+01
5.430000000000000000e+02 1.440000000000000000e+02 1.500000000000000000e+01
5.810000000000000000e+02 1.440000000000000000e+02 1.400000000000000000e+01
6.170000000000000000e+02 1.440000000000000000e+02 1.400000000000000000e+01
7.210000000000000000e+02 1.440000000000000000e+02 1.500000000000000000e+01
7.570000000000000000e+02 1.440000000000000000e+02 1.500000000000000000e+01
7.940000000000000000e+02 1.440000000000000000e+02 1.400000000000000000e+01
8.280000000000000000e+02 1.440000000000000000e+02 1.500000000000000000e+01
8.650000000000000000e+02 1.440000000000000000e+02 1.400000000000000000e+01
9.010000000000000000e+02 1.440000000000000000e+02 1.400000000000000000e+01
9.350000000000000000e+02 1.440000000000000000e+02 1.500000000000000000e+01
9.720000000000000000e+02 1.440000000000000000e+02 1.400000000000000000e+01
1.041000000000000000e+03 1.440000000000000000e+02 1.500000000000000000e+01
1.077000000000000000e+03 1.440000000000000000e+02 1.500000000000000000e+01
1.114000000000000000e+03 1.440000000000000000e+02 1.400000000000000000e+01
1.150000000000000000e+03 1.440000000000000000e+02 1.400000000000000000e+01
1.185000000000000000e+03 1.440000000000000000e+02 1.400000000000000000e+01
1.221000000000000000e+03 1.440000000000000000e+02 1.400000000000000000e+01
1.257000000000000000e+03 1.440000000000000000e+02 1.400000000000000000e+01
1.292000000000000000e+03 1.440000000000000000e+02 1.400000000000000000e+01
1.326000000000000000e+03 1.440000000000000000e+02 1.500000000000000000e+01
1.361000000000000000e+03 1.440000000000000000e+02 1.500000000000000000e+01
1.397000000000000000e+03 1.440000000000000000e+02 1.500000000000000000e+01
1.434000000000000000e+03 1.440000000000000000e+02 1.400000000000000000e+01
1.470000000000000000e+03 1.440000000000000000e+02 1.400000000000000000e+01
1.505000000000000000e+03 1.440000000000000000e+02 1.400000000000000000e+01
1.541000000000000000e+03 1.440000000000000000e+02 1.400000000000000000e+01
1.578000000000000000e+03 1.440000000000000000e+02 1.500000000000000000e+01
1.681000000000000000e+03 1.440000000000000000e+02 1.500000000000000000e+01
1.719000000000000000e+03 1.440000000000000000e+02 1.400000000000000000e+01
1.754000000000000000e+03 1.440000000000000000e+02 1.400000000000000000e+01
1.825000000000000000e+03 1.440000000000000000e+02 1.400000000000000000e+01
1.859000000000000000e+03 1.440000000000000000e+02 1.500000000000000000e+01
1.612000000000000000e+03 1.460000000000000000e+02 1.500000000000000000e+01
5.280000000000000000e+02 1.730000000000000000e+02 1.500000000000000000e+01
8.480000000000000000e+02 1.730000000000000000e+02 1.500000000000000000e+01
1.168000000000000000e+03 1.730000000000000000e+02 1.500000000000000000e+01
1.808000000000000000e+03 1.730000000000000000e+02 1.500000000000000000e+01
1.370000000000000000e+02 1.750000000000000000e+02 1.400000000000000000e+01
1.740000000000000000e+02 1.750000000000000000e+02 1.500000000000000000e+01
2.410000000000000000e+02 1.750000000000000000e+02 1.500000000000000000e+01
3.140000000000000000e+02 1.750000000000000000e+02 1.400000000000000000e+01
3.500000000000000000e+02 1.750000000000000000e+02 1.400000000000000000e+01
3.850000000000000000e+02 1.750000000000000000e+02 1.400000000000000000e+01
4.190000000000000000e+02 1.750000000000000000e+02 1.500000000000000000e+01
4.570000000000000000e+02 1.750000000000000000e+02 1.400000000000000000e+01
4.920000000000000000e+02 1.750000000000000000e+02 1.400000000000000000e+01
5.630000000000000000e+02 1.750000000000000000e+02 1.400000000000000000e+01
5.990000000000000000e+02 1.750000000000000000e+02 1.400000000000000000e+01
6.340000000000000000e+02 1.750000000000000000e+02 1.400000000000000000e+01
6.700000000000000000e+02 1.750000000000000000e+02 1.400000000000000000e+01
7.050000000000000000e+02 1.750000000000000000e+02 1.400000000000000000e+01
7.410000000000000000e+02 1.750000000000000000e+02 1.400000000000000000e+01
7.770000000000000000e+02 1.750000000000000000e+02 1.400000000000000000e+01
8.120000000000000000e+02 1.750000000000000000e+02 1.400000000000000000e+01
8.830000000000000000e+02 1.750000000000000000e+02 1.400000000000000000e+01
9.190000000000000000e+02 1.750000000000000000e+02 1.400000000000000000e+01
9.540000000000000000e+02 1.750000000000000000e+02 1.400000000000000000e+01
9.900000000000000000e+02 1.750000000000000000e+02 1.400000000000000000e+01
1.025000000000000000e+03 1.750000000000000000e+02 1.400000000000000000e+01
1.061000000000000000e+03 1.750000000000000000e+02 1.400000000000000000e+01
1.097000000000000000e+03 1.750000000000000000e+02 1.400000000000000000e+01
1.132000000000000000e+03 1.750000000000000000e+02 1.400000000000000000e+01
1.201000000000000000e+03 1.750000000000000000e+02 1.500000000000000000e+01
1.237000000000000000e+03 1.750000000000000000e+02 1.500000000000000000e+01
1.274000000000000000e+03 1.750000000000000000e+02 1.400000000000000000e+01
1.310000000000000000e+03 1.750000000000000000e+02 1.400000000000000000e+01
1.345000000000000000e+03 1.750000000000000000e+02 1.400000000000000000e+01
1.381000000000000000e+03 1.750000000000000000e+02 1.400000000000000000e+01
1.417000000000000000e+03 1.750000000000000000e+02 1.400000000000000000e+01
1.452000000000000000e+03 1.750000000000000000e+02 1.400000000000000000e+01
1.488000000000000000e+03 1.750000000000000000e+02 1.400000000000000000e+01
1.523000000000000000e+03 1.750000000000000000e+02 1.400000000000000000e+01
1.559000000000000000e+03 1.750000000000000000e+02 1.400000000000000000e+01
1.594000000000000000e+03 1.750000000000000000e+02 1.400000000000000000e+01
1.630000000000000000e+03 1.750000000000000000e+02 1.400000000000000000e+01
1.665000000000000000e+03 1.750000000000000000e+02 1.400000000000000000e+01
1.701000000000000000e+03 1.750000000000000000e+02 1.400000000000000000e+01
1.736000000000000000e+03 1.750000000000000000e+02 1.400000000000000000e+01
1.843000000000000000e+03 1.750000000000000000e+02 1.400000000000000000e+01
1.877000000000000000e+03 1.750000000000000000e+02 1.500000000000000000e+01
3.680000000000000000e+02 2.040000000000000000e+02 1.500000000000000000e+01
6.880000000000000000e+02 2.040000000000000000e+02 1.500000000000000000e+01
1.008000000000000000e+03 2.040000000000000000e+02 1.500000000000000000e+01
1.328000000000000000e+03 2.040000000000000000e+02 1.500000000000000000e+01
2.960000000000000000e+02 2.050000000000000000e+02 1.600000000000000000e+01
1.256000000000000000e+03 2.050000000000000000e+02 1.600000000000000000e+01
1.190000000000000000e+02 2.060000000000000000e+02 1.400000000000000000e+01
1.540000000000000000e+02 2.060000000000000000e+02 1.400000000000000000e+01
1.900000000000000000e+02 2.060000000000000000e+02 1.400000000000000000e+01
2.610000000000000000e+02 2.060000000000000000e+02 1.400000000000000000e+01
3.320000000000000000e+02 2.060000000000000000e+02 1.400000000000000000e+01
4.030000000000000000e+02 2.060000000000000000e+02 1.400000000000000000e+01
4.390000000000000000e+02 2.060000000000000000e+02 1.400000000000000000e+01
4.740000000000000000e+02 2.060000000000000000e+02 1.400000000000000000e+01
5.100000000000000000e+02 2.060000000000000000e+02 1.400000000000000000e+01
5.450000000000000000e+02 2.060000000000000000e+02 1.400000000000000000e+01
5.810000000000000000e+02 2.060000000000000000e+02 1.400000000000000000e+01
6.520000000000000000e+02 2.060000000000000000e+02 1.400000000000000000e+01
7.230000000000000000e+02 2.060000000000000000e+02 1.400000000000000000e+01
7.590000000000000000e+02 2.060000000000000000e+02 1.400000000000000000e+01
7.940000000000000000e+02 2.060000000000000000e+02 1.400000000000000000e+01
8.300000000000000000e+02 2.060000000000000000e+02 1.400000000000000000e+01
8.650000000000000000e+02 2.060000000000000000e+02 1.400000000000000000e+01
9.010000000000000000e+02 2.060000000000000000e+02 1.400000000000000000e+01
9.370000000000000000e+02 2.060000000000000000e+02 1.400000000000000000e+01
9.720000000000000000e+02 2.060000000000000000e+02 1.400000000000000000e+01
1.043000000000000000e+03 2.060000000000000000e+02 1.400000000000000000e+01
1.079000000000000000e+03 2.060000000000000000e+02 1.400000000000000000e+01
1.114000000000000000e+03 2.060000000000000000e+02 1.400000000000000000e+01
1.150000000000000000e+03 2.060000000000000000e+02 1.400000000000000000e+01
1.185000000000000000e+03 2.060000000000000000e+02 1.400000000000000000e+01
1.221000000000000000e+03 2.060000000000000000e+02 1.400000000000000000e+01
1.292000000000000000e+03 2.060000000000000000e+02 1.400000000000000000e+01
1.363000000000000000e+03 2.060000000000000000e+02 1.400000000000000000e+01
1.399000000000000000e+03 2.060000000000000000e+02 1.400000000000000000e+01
1.434000000000000000e+03 2.060000000000000000e+02 1.400000000000000000e+01
1.470000000000000000e+03 2.060000000000000000e+02 1.400000000000000000e+01
1.505000000000000000e+03 2.060000000000000000e+02 1.400000000000000000e+01
1.541000000000000000e+03 2.060000000000000000e+02 1.400000000000000000e+01
1.576000000000000000e+03 2.060000000000000000e+02 1.400000000000000000e+01
1.612000000000000000e+03 2.060000000000000000e+02 1.400000000000000000e+01
1.648000000000000000e+03 2.060000000000000000e+02 1.400000000000000000e+01
1.683000000000000000e+03 2.060000000000000000e+02 1.400000000000000000e+01
1.719000000000000000e+03 2.060000000000000000e+02 1.400000000000000000e+01
1.754000000000000000e+03 2.060000000000000000e+02 1.400000000000000000e+01
1.825000000000000000e+03 2.060000000000000000e+02 1.400000000000000000e+01
1.861000000000000000e+03 2.060000000000000000e+02 1.400000000000000000e+01
6.180000000000000000e+02 2.070000000000000000e+02 1.600000000000000000e+01
1.190000000000000000e+02 2.670000000000000000e+02 1.400000000000000000e+01
1.540000000000000000e+02 2.670000000000000000e+02 1.400000000000000000e+01
1.900000000000000000e+02 2.670000000000000000e+02 1.400000000000000000e+01
1.790000000000000000e+03 2.670000000000000000e+02 1.400000000000000000e+01
1.825000000000000000e+03 2.670000000000000000e+02 1.400000000000000000e+01
1.861000000000000000e+03 2.670000000000000000e+02 1.400000000000000000e+01
1.370000000000000000e+02 2.980000000000000000e+02 1.400000000000000000e+01
1.720000000000000000e+02 2.980000000000000000e+02 1.400000000000000000e+01
2.080000000000000000e+02 2.980000000000000000e+02 1.400000000000000000e+01
1.808000000000000000e+03 2.980000000000000000e+02 1.400000000000000000e+01
1.879000000000000000e+03 2.980000000000000000e+02 1.400000000000000000e+01
1.190000000000000000e+02 3.290000000000000000e+02 1.400000000000000000e+01
1.540000000000000000e+02 3.290000000000000000e+02 1.400000000000000000e+01
1.900000000000000000e+02 3.290000000000000000e+02 1.400000000000000000e+01
1.790000000000000000e+03 3.290000000000000000e+02 1.400000000000000000e+01
1.825000000000000000e+03 3.290000000000000000e+02 1.400000000000000000e+01
1.861000000000000000e+03 3.290000000000000000e+02 1.400000000000000000e+01
1.808000000000000000e+03 3.580000000000000000e+02 1.500000000000000000e+01
1.370000000000000000e+02 3.600000000000000000e+02 1.400000000000000000e+01
1.720000000000000000e+02 3.600000000000000000e+02 1.400000000000000000e+01
2.080000000000000000e+02 3.600000000000000000e+02 1.400000000000000000e+01
1.843000000000000000e+03 3.600000000000000000e+02 1.400000000000000000e+01
1.879000000000000000e+03 3.600000000000000000e+02 1.400000000000000000e+01
1.190000000000000000e+02 3.900000000000000000e+02 1.400000000000000000e+01
1.540000000000000000e+02 3.900000000000000000e+02 1.400000000000000000e+01
1.900000000000000000e+02 3.900000000000000000e+02 1.400000000000000000e+01
1.790000000000000000e+03 3.900000000000000000e+02 1.400000000000000000e+01
1.825000000000000000e+03 3.900000000000000000e+02 1.400000000000000000e+01
1.861000000000000000e+03 3.900000000000000000e+02 1.400000000000000000e+01
1.370000000000000000e+02 4.210000000000000000e+02 1.400000000000000000e+01
1.720000000000000000e+02 4.210000000000000000e+02 1.400000000000000000e+01
2.080000000000000000e+02 4.210000000000000000e+02 1.400000000000000000e+01
1.808000000000000000e+03 4.210000000000000000e+02 1.400000000000000000e+01
1.879000000000000000e+03 4.210000000000000000e+02 1.400000000000000000e+01
1.190000000000000000e+02 4.520000000000000000e+02 1.400000000000000000e+01
1.540000000000000000e+02 4.520000000000000000e+02 1.400000000000000000e+01
1.900000000000000000e+02 4.520000000000000000e+02 1.400000000000000000e+01
1.790000000000000000e+03 4.520000000000000000e+02 1.400000000000000000e+01
1.825000000000000000e+03 4.520000000000000000e+02 1.400000000000000000e+01
1.861000000000000000e+03 4.520000000000000000e+02 1.400000000000000000e+01
1.370000000000000000e+02 4.830000000000000000e+02 1.400000000000000000e+01
1.720000000000000000e+02 4.830000000000000000e+02 1.400000000000000000e+01
2.080000000000000000e+02 4.830000000000000000e+02 1.400000000000000000e+01
1.808000000000000000e+03 4.830000000000000000e+02 1.400000000000000000e+01
1.843000000000000000e+03 4.830000000000000000e+02 1.400000000000000000e+01
1.879000000000000000e+03 4.830000000000000000e+02 1.400000000000000000e+01
1.190000000000000000e+02 5.140000000000000000e+02 1.400000000000000000e+01
1.540000000000000000e+02 5.140000000000000000e+02 1.400000000000000000e+01
1.900000000000000000e+02 5.140000000000000000e+02 1.400000000000000000e+01
1.790000000000000000e+03 5.140000000000000000e+02 1.400000000000000000e+01
1.825000000000000000e+03 5.140000000000000000e+02 1.400000000000000000e+01
1.861000000000000000e+03 5.140000000000000000e+02 1.400000000000000000e+01
1.370000000000000000e+02 5.450000000000000000e+02 1.400000000000000000e+01
1.720000000000000000e+02 5.450000000000000000e+02 1.400000000000000000e+01
2.080000000000000000e+02 5.450000000000000000e+02 1.400000000000000000e+01
1.808000000000000000e+03 5.450000000000000000e+02 1.400000000000000000e+01
1.879000000000000000e+03 5.450000000000000000e+02 1.400000000000000000e+01
1.789000000000000000e+03 5.740000000000000000e+02 1.600000000000000000e+01
1.190000000000000000e+02 5.750000000000000000e+02 1.400000000000000000e+01
1.540000000000000000e+02 5.750000000000000000e+02 1.400000000000000000e+01
1.900000000000000000e+02 5.750000000000000000e+02 1.400000000000000000e+01
1.825000000000000000e+03 5.750000000000000000e+02 1.400000000000000000e+01
1.861000000000000000e+03 5.750000000000000000e+02 1.400000000000000000e+01
2.080000000000000000e+02 6.040000000000000000e+02 1.500000000000000000e+01
1.808000000000000000e+03 6.040000000000000000e+02 1.500000000000000000e+01
1.370000000000000000e+02 6.060000000000000000e+02 1.400000000000000000e+01
1.720000000000000000e+02 6.060000000000000000e+02 1.400000000000000000e+01
1.843000000000000000e+03 6.060000000000000000e+02 1.400000000000000000e+01
1.879000000000000000e+03 6.060000000000000000e+02 1.400000000000000000e+01
1.190000000000000000e+02 6.370000000000000000e+02 1.400000000000000000e+01
1.540000000000000000e+02 6.370000000000000000e+02 1.400000000000000000e+01
1.900000000000000000e+02 6.370000000000000000e+02 1.400000000000000000e+01
1.790000000000000000e+03 6.370000000000000000e+02 1.400000000000000000e+01
1.825000000000000000e+03 6.370000000000000000e+02 1.400000000000000000e+01
1.861000000000000000e+03 6.370000000000000000e+02 1.400000000000000000e+01
1.370000000000000000e+02 6.680000000000000000e+02 1.400000000000000000e+01
1.740000000000000000e+02 6.680000000000000000e+02 1.500000000000000000e+01
2.100000000000000000e+02 6.680000000000000000e+02 1.500000000000000000e+01
1.808000000000000000e+03 6.680000000000000000e+02 1.400000000000000000e+01
1.879000000000000000e+03 6.680000000000000000e+02 1.400000000000000000e+01
1.190000000000000000e+02 6.990000000000000000e+02 1.400000000000000000e+01
1.540000000000000000e+02 6.990000000000000000e+02 1.400000000000000000e+01
1.900000000000000000e+02 6.990000000000000000e+02 1.400000000000000000e+01
1.790000000000000000e+03 6.990000000000000000e+02 1.400000000000000000e+01
1.825000000000000000e+03 6.990000000000000000e+02 1.400000000000000000e+01
1.861000000000000000e+03 6.990000000000000000e+02 1.400000000000000000e+01
1.370000000000000000e+02 7.290000000000000000e+02 1.400000000000000000e+01
1.720000000000000000e+02 7.290000000000000000e+02 1.400000000000000000e+01
2.080000000000000000e+02 7.290000000000000000e+02 1.400000000000000000e+01
1.808000000000000000e+03 7.290000000000000000e+02 1.400000000000000000e+01
1.843000000000000000e+03 7.290000000000000000e+02 1.400000000000000000e+01
1.879000000000000000e+03 7.290000000000000000e+02 1.400000000000000000e+01
1.190000000000000000e+02 7.600000000000000000e+02 1.400000000000000000e+01
1.540000000000000000e+02 7.600000000000000000e+02 1.400000000000000000e+01
1.900000000000000000e+02 7.600000000000000000e+02 1.400000000000000000e+01
1.790000000000000000e+03 7.600000000000000000e+02 1.400000000000000000e+01
1.825000000000000000e+03 7.600000000000000000e+02 1.400000000000000000e+01
1.861000000000000000e+03 7.600000000000000000e+02 1.400000000000000000e+01
1.370000000000000000e+02 7.910000000000000000e+02 1.400000000000000000e+01
1.720000000000000000e+02 7.910000000000000000e+02 1.400000000000000000e+01
2.080000000000000000e+02 7.910000000000000000e+02 1.400000000000000000e+01
1.808000000000000000e+03 7.910000000000000000e+02 1.400000000000000000e+01
1.879000000000000000e+03 7.910000000000000000e+02 1.400000000000000000e+01
1.190000000000000000e+02 8.220000000000000000e+02 1.400000000000000000e+01
1.540000000000000000e+02 8.220000000000000000e+02 1.400000000000000000e+01
1.900000000000000000e+02 8.220000000000000000e+02 1.400000000000000000e+01
1.790000000000000000e+03 8.220000000000000000e+02 1.400000000000000000e+01
1.825000000000000000e+03 8.220000000000000000e+02 1.400000000000000000e+01
1.861000000000000000e+03 8.220000000000000000e+02 1.400000000000000000e+01
1.370000000000000000e+02 8.530000000000000000e+02 1.400000000000000000e+01
1.720000000000000000e+02 8.530000000000000000e+02 1.400000000000000000e+01
2.080000000000000000e+02 8.530000000000000000e+02 1.400000000000000000e+01
1.808000000000000000e+03 8.530000000000000000e+02 1.400000000000000000e+01
1.843000000000000000e+03 8.530000000000000000e+02 1.400000000000000000e+01
1.879000000000000000e+03 8.530000000000000000e+02 1.400000000000000000e+01
1.190000000000000000e+02 8.830000000000000000e+02 1.400000000000000000e+01
1.540000000000000000e+02 8.830000000000000000e+02 1.400000000000000000e+01
1.900000000000000000e+02 8.830000000000000000e+02 1.400000000000000000e+01
1.790000000000000000e+03 8.830000000000000000e+02 1.400000000000000000e+01
1.825000000000000000e+03 8.830000000000000000e+02 1.400000000000000000e+01
1.861000000000000000e+03 8.830000000000000000e+02 1.400000000000000000e+01
1.370000000000000000e+02 9.140000000000000000e+02 1.400000000000000000e+01
1.720000000000000000e+02 9.140000000000000000e+02 1.400000000000000000e+01
2.080000000000000000e+02 9.140000000000000000e+02 1.400000000000000000e+01
1.808000000000000000e+03 9.140000000000000000e+02 1.400000000000000000e+01
1.879000000000000000e+03 9.140000000000000000e+02 1.400000000000000000e+01
1.190000000000000000e+02 9.450000000000000000e+02 1.400000000000000000e+01
1.540000000000000000e+02 9.450000000000000000e+02 1.400000000000000000e+01
1.900000000000000000e+02 9.450000000000000000e+02 1.400000000000000000e+01
1.790000000000000000e+03 9.450000000000000000e+02 1.400000000000000000e+01
1.825000000000000000e+03 9.450000000000000000e+02 1.400000000000000000e+01
1.861000000000000000e+03 9.450000000000000000e+02 1.400000000000000000e+01
1.370000000000000000e+02 9.760000000000000000e+02 1.400000000000000000e+01
1.720000000000000000e+02 9.760000000000000000e+02 1.400000000000000000e+01
1.843000000000000000e+03 9.760000000000000000e+02 1.400000000000000000e+01
1.877000000000000000e+03 9.760000000000000000e+02 1.500000000000000000e+01
2.080000000000000000e+02 9.780000000000000000e+02 1.500000000000000000e+01
1.808000000000000000e+03 9.780000000000000000e+02 1.500000000000000000e+01
1.190000000000000000e+02 1.007000000000000000e+03 1.400000000000000000e+01
1.540000000000000000e+02 1.007000000000000000e+03 1.400000000000000000e+01
1.900000000000000000e+02 1.007000000000000000e+03 1.400000000000000000e+01
1.790000000000000000e+03 1.007000000000000000e+03 1.400000000000000000e+01
1.825000000000000000e+03 1.007000000000000000e+03 1.400000000000000000e+01
1.861000000000000000e+03 1.007000000000000000e+03 1.400000000000000000e+01
2.080000000000000000e+02 1.036000000000000000e+03 1.500000000000000000e+01
1.808000000000000000e+03 1.036000000000000000e+03 1.500000000000000000e+01
1.370000000000000000e+02 1.038000000000000000e+03 1.400000000000000000e+01
1.720000000000000000e+02 1.038000000000000000e+03 1.400000000000000000e+01
1.879000000000000000e+03 1.038000000000000000e+03 1.400000000000000000e+01
1.190000000000000000e+02 1.068000000000000000e+03 1.400000000000000000e+01
1.540000000000000000e+02 1.068000000000000000e+03 1.400000000000000000e+01
1.900000000000000000e+02 1.068000000000000000e+03 1.400000000000000000e+01
1.790000000000000000e+03 1.068000000000000000e+03 1.400000000000000000e+01
1.825000000000000000e+03 1.068000000000000000e+03 1.400000000000000000e+01
1.861000000000000000e+03 1.068000000000000000e+03 1.400000000000000000e+01
1.370000000000000000e+02 1.099000000000000000e+03 1.400000000000000000e+01
1.720000000000000000e+02 1.099000000000000000e+03 1.400000000000000000e+01
2.080000000000000000e+02 1.099000000000000000e+03 1.400000000000000000e+01
1.808000000000000000e+03 1.099000000000000000e+03 1.400000000000000000e+01
1.879000000000000000e+03 1.099000000000000000e+03 1.400000000000000000e+01
1.190000000000000000e+02 1.130000000000000000e+03 1.400000000000000000e+01
1.540000000000000000e+02 1.130000000000000000e+03 1.400000000000000000e+01
1.900000000000000000e+02 1.130000000000000000e+03 1.400000000000000000e+01
1.790000000000000000e+03 1.130000000000000000e+03 1.400000000000000000e+01
1.825000000000000000e+03 1.130000000000000000e+03 1.400000000000000000e+01
1.861000000000000000e+03 1.130000000000000000e+03 1.400000000000000000e+01
1.370000000000000000e+02 1.161000000000000000e+03 1.400000000000000000e+01
1.720000000000000000e+02 1.161000000000000000e+03 1.400000000000000000e+01
2.070000000000000000e+02 1.161000000000000000e+03 1.600000000000000000e+01
1.808000000000000000e+03 1.161000000000000000e+03 1.400000000000000000e+01
1.843000000000000000e+03 1.161000000000000000e+03 1.400000000000000000e+01
1.879000000000000000e+03 1.161000000000000000e+03 1.400000000000000000e+01
1.190000000000000000e+02 1.192000000000000000e+03 1.400000000000000000e+01
1.540000000000000000e+02 1.192000000000000000e+03 1.400000000000000000e+01
1.900000000000000000e+02 1.192000000000000000e+03 1.400000000000000000e+01
1.790000000000000000e+03 1.192000000000000000e+03 1.400000000000000000e+01
1.825000000000000000e+03 1.192000000000000000e+03 1.400000000000000000e+01
1.861000000000000000e+03 1.192000000000000000e+03 1.400000000000000000e+01
1.370000000000000000e+02 1.222000000000000000e+03 1.400000000000000000e+01
1.720000000000000000e+02 1.222000000000000000e+03 1.400000000000000000e+01
2.080000000000000000e+02 1.222000000000000000e+03 1.400000000000000000e+01
1.808000000000000000e+03 1.222000000000000000e+03 1.400000000000000000e+01
1.879000000000000000e+03 1.222000000000000000e+03 1.400000000000000000e+01
1.190000000000000000e+02 1.253000000000000000e+03 1.400000000000000000e+01
1.540000000000000000e+02 1.253000000000000000e+03 1.400000000000000000e+01
1.900000000000000000e+02 1.253000000000000000e+03 1.400000000000000000e+01
1.790000000000000000e+03 1.253000000000000000e+03 1.400000000000000000e+01
1.825000000000000000e+03 1.253000000000000000e+03 1.400000000000000000e+01
1.861000000000000000e+03 1.253000000000000000e+03 1.400000000000000000e+01
1.370000000000000000e+02 1.284000000000000000e+03 1.400000000000000000e+01
1.720000000000000000e+02 1.284000000000000000e+03 1.400000000000000000e+01
2.080000000000000000e+02 1.284000000000000000e+03 1.400000000000000000e+01
1.808000000000000000e+03 1.284000000000000000e+03 1.400000000000000000e+01
1.843000000000000000e+03 1.284000000000000000e+03 1.400000000000000000e+01
1.879000000000000000e+03 1.284000000000000000e+03 1.400000000000000000e+01
1.190000000000000000e+02 1.315000000000000000e+03 1.400000000000000000e+01
1.540000000000000000e+02 1.315000000000000000e+03 1.400000000000000000e+01
1.900000000000000000e+02 1.315000000000000000e+03 1.400000000000000000e+01
1.790000000000000000e+03 1.315000000000000000e+03 1.400000000000000000e+01
1.825000000000000000e+03 1.315000000000000000e+03 1.400000000000000000e+01
1.861000000000000000e+03 1.315000000000000000e+03 1.400000000000000000e+01
1.370000000000000000e+02 1.346000000000000000e+03 1.400000000000000000e+01
1.720000000000000000e+02 1.346000000000000000e+03 1.400000000000000000e+01
2.080000000000000000e+02 1.346000000000000000e+03 1.400000000000000000e+01
1.808000000000000000e+03 1.346000000000000000e+03 1.400000000000000000e+01
1.879000000000000000e+03 1.346000000000000000e+03 1.400000000000000000e+01
1.190000000000000000e+02 1.376000000000000000e+03 1.400000000000000000e+01
1.540000000000000000e+02 1.376000000000000000e+03 1.400000000000000000e+01
1.900000000000000000e+02 1.376000000000000000e+03 1.400000000000000000e+01
1.790000000000000000e+03 1.376000000000000000e+03 1.400000000000000000e+01
1.825000000000000000e+03 1.376000000000000000e+03 1.400000000000000000e+01
1.861000000000000000e+03 1.376000000000000000e+03 1.400000000000000000e+01
2.080000000000000000e+02 1.405000000000000000e+03 1.500000000000000000e+01
1.808000000000000000e+03 1.405000000000000000e+03 1.500000000000000000e+01
1.370000000000000000e+02 1.407000000000000000e+03 1.400000000000000000e+01
1.720000000000000000e+02 1.407000000000000000e+03 1.400000000000000000e+01
1.843000000000000000e+03 1.407000000000000000e+03 1.400000000000000000e+01
1.877000000000000000e+03 1.407000000000000000e+03 1.500000000000000000e+01
1.190000000000000000e+02 1.438000000000000000e+03 1.400000000000000000e+01
1.540000000000000000e+02 1.438000000000000000e+03 1.400000000000000000e+01
1.900000000000000000e+02 1.438000000000000000e+03 1.400000000000000000e+01
1.790000000000000000e+03 1.438000000000000000e+03 1.400000000000000000e+01
1.825000000000000000e+03 1.438000000000000000e+03 1.400000000000000000e+01
1.861000000000000000e+03 1.438000000000000000e+03 1.400000000000000000e+01
1.370000000000000000e+02 1.469000000000000000e+03 1.400000000000000000e+01
1.720000000000000000e+02 1.469000000000000000e+03 1.400000000000000000e+01
2.080000000000000000e+02 1.469000000000000000e+03 1.400000000000000000e+01
1.808000000000000000e+03 1.469000000000000000e+03 1.400000000000000000e+01
1.879000000000000000e+03 1.469000000000000000e+03 1.400000000000000000e+01
1.190000000000000000e+02 1.500000000000000000e+03 1.400000000000000000e+01
1.540000000000000000e+02 1.500000000000000000e+03 1.400000000000000000e+01
1.900000000000000000e+02 1.500000000000000000e+03 1.400000000000000000e+01
1.790000000000000000e+03 1.500000000000000000e+03 1.400000000000000000e+01
1.825000000000000000e+03 1.500000000000000000e+03 1.400000000000000000e+01
1.861000000000000000e+03 1.500000000000000000e+03 1.400000000000000000e+01
1.370000000000000000e+02 1.531000000000000000e+03 1.400000000000000000e+01
1.720000000000000000e+02 1.531000000000000000e+03 1.400000000000000000e+01
2.080000000000000000e+02 1.531000000000000000e+03 1.400000000000000000e+01
1.808000000000000000e+03 1.531000000000000000e+03 1.400000000000000000e+01
1.843000000000000000e+03 1.531000000000000000e+03 1.400000000000000000e+01
1.879000000000000000e+03 1.531000000000000000e+03 1.400000000000000000e+01
1.190000000000000000e+02 1.561000000000000000e+03 1.400000000000000000e+01
1.540000000000000000e+02 1.561000000000000000e+03 1.400000000000000000e+01
1.900000000000000000e+02 1.561000000000000000e+03 1.400000000000000000e+01
1.790000000000000000e+03 1.561000000000000000e+03 1.400000000000000000e+01
1.825000000000000000e+03 1.561000000000000000e+03 1.400000000000000000e+01
1.859000000000000000e+03 1.561000000000000000e+03 1.500000000000000000e+01
1.370000000000000000e+02 1.592000000000000000e+03 1.400000000000000000e+01
1.720000000000000000e+02 1.592000000000000000e+03 1.400000000000000000e+01
2.080000000000000000e+02 1.592000000000000000e+03 1.400000000000000000e+01
1.808000000000000000e+03 1.592000000000000000e+03 1.400000000000000000e+01
1.879000000000000000e+03 1.592000000000000000e+03 1.400000000000000000e+01
1.190000000000000000e+02 1.623000000000000000e+03 1.400000000000000000e+01
1.540000000000000000e+02 1.623000000000000000e+03 1.400000000000000000e+01
1.900000000000000000e+02 1.623000000000000000e+03 1.400000000000000000e+01
1.790000000000000000e+03 1.623000000000000000e+03 1.400000000000000000e+01
1.825000000000000000e+03 1.623000000000000000e+03 1.400000000000000000e+01
1.861000000000000000e+03 1.623000000000000000e+03 1.400000000000000000e+01
1.370000000000000000e+02 1.654000000000000000e+03 1.400000000000000000e+01
1.720000000000000000e+02 1.654000000000000000e+03 1.400000000000000000e+01
2.080000000000000000e+02 1.654000000000000000e+03 1.400000000000000000e+01
1.808000000000000000e+03 1.654000000000000000e+03 1.400000000000000000e+01
1.843000000000000000e+03 1.654000000000000000e+03 1.400000000000000000e+01
1.879000000000000000e+03 1.654000000000000000e+03 1.400000000000000000e+01
1.190000000000000000e+02 1.685000000000000000e+03 1.400000000000000000e+01
1.540000000000000000e+02 1.685000000000000000e+03 1.400000000000000000e+01
1.900000000000000000e+02 1.685000000000000000e+03 1.400000000000000000e+01
1.790000000000000000e+03 1.685000000000000000e+03 1.400000000000000000e+01
1.825000000000000000e+03 1.685000000000000000e+03 1.400000000000000000e+01
1.861000000000000000e+03 1.685000000000000000e+03 1.400000000000000000e+01
1.370000000000000000e+02 1.715000000000000000e+03 1.400000000000000000e+01
1.720000000000000000e+02 1.715000000000000000e+03 1.400000000000000000e+01
2.080000000000000000e+02 1.715000000000000000e+03 1.400000000000000000e+01
1.808000000000000000e+03 1.715000000000000000e+03 1.400000000000000000e+01
1.879000000000000000e+03 1.715000000000000000e+03 1.400000000000000000e+01
1.190000000000000000e+02 1.746000000000000000e+03 1.400000000000000000e+01
1.540000000000000000e+02 1.746000000000000000e+03 1.400000000000000000e+01
1.900000000000000000e+02 1.746000000000000000e+03 1.400000000000000000e+01
1.790000000000000000e+03 1.746000000000000000e+03 1.400000000000000000e+01
1.825000000000000000e+03 1.746000000000000000e+03 1.400000000000000000e+01
1.861000000000000000e+03 1.746000000000000000e+03 1.400000000000000000e+01
1.370000000000000000e+02 1.777000000000000000e+03 1.400000000000000000e+01
2.080000000000000000e+02 1.777000000000000000e+03 1.400000000000000000e+01
1.808000000000000000e+03 1.777000000000000000e+03 1.400000000000000000e+01
1.843000000000000000e+03 1.777000000000000000e+03 1.400000000000000000e+01
1.879000000000000000e+03 1.777000000000000000e+03 1.400000000000000000e+01
1.190000000000000000e+02 1.808000000000000000e+03 1.400000000000000000e+01
1.900000000000000000e+02 1.808000000000000000e+03 1.400000000000000000e+01
1.788000000000000000e+03 1.808000000000000000e+03 1.500000000000000000e+01
1.825000000000000000e+03 1.808000000000000000e+03 1.400000000000000000e+01
1.861000000000000000e+03 1.808000000000000000e+03 1.400000000000000000e+01
1.540000000000000000e+02 1.810000000000000000e+03 1.500000000000000000e+01
3.680000000000000000e+02 1.868000000000000000e+03 1.500000000000000000e+01
6.880000000000000000e+02 1.868000000000000000e+03 1.500000000000000000e+01
1.008000000000000000e+03 1.868000000000000000e+03 1.500000000000000000e+01
1.328000000000000000e+03 1.868000000000000000e+03 1.500000000000000000e+01
1.648000000000000000e+03 1.868000000000000000e+03 1.500000000000000000e+01
6.160000000000000000e+02 1.869000000000000000e+03 1.600000000000000000e+01
1.540000000000000000e+02 1.870000000000000000e+03 1.400000000000000000e+01
2.610000000000000000e+02 1.870000000000000000e+03 1.400000000000000000e+01
2.970000000000000000e+02 1.870000000000000000e+03 1.400000000000000000e+01
3.320000000000000000e+02 1.870000000000000000e+03 1.400000000000000000e+01
4.030000000000000000e+02 1.870000000000000000e+03 1.400000000000000000e+01
4.390000000000000000e+02 1.870000000000000000e+03 1.400000000000000000e+01
4.740000000000000000e+02 1.870000000000000000e+03 1.400000000000000000e+01
5.100000000000000000e+02 1.870000000000000000e+03 1.400000000000000000e+01
5.450000000000000000e+02 1.870000000000000000e+03 1.400000000000000000e+01
5.810000000000000000e+02 1.870000000000000000e+03 1.400000000000000000e+01
6.520000000000000000e+02 1.870000000000000000e+03 1.400000000000000000e+01
7.230000000000000000e+02 1.870000000000000000e+03 1.400000000000000000e+01
7.590000000000000000e+02 1.870000000000000000e+03 1.400000000000000000e+01
7.940000000000000000e+02 1.870000000000000000e+03 1.400000000000000000e+01
8.300000000000000000e+02 1.870000000000000000e+03 1.400000000000000000e+01
8.650000000000000000e+02 1.870000000000000000e+03 1.400000000000000000e+01
9.010000000000000000e+02 1.870000000000000000e+03 1.400000000000000000e+01
9.370000000000000000e+02 1.870000000000000000e+03 1.400000000000000000e+01
9.720000000000000000e+02 1.870000000000000000e+03 1.400000000000000000e+01
1.043000000000000000e+03 1.870000000000000000e+03 1.400000000000000000e+01
1.079000000000000000e+03 1.870000000000000000e+03 1.400000000000000000e+01
1.114000000000000000e+03 1.870000000000000000e+03 1.400000000000000000e+01
1.150000000000000000e+03 1.870000000000000000e+03 1.400000000000000000e+01
1.185000000000000000e+03 1.870000000000000000e+03 1.400000000000000000e+01
1.221000000000000000e+03 1.870000000000000000e+03 1.400000000000000000e+01
1.257000000000000000e+03 1.870000000000000000e+03 1.400000000000000000e+01
1.292000000000000000e+03 1.870000000000000000e+03 1.400000000000000000e+01
1.363000000000000000e+03 1.870000000000000000e+03 1.400000000000000000e+01
1.399000000000000000e+03 1.870000000000000000e+03 1.400000000000000000e+01
1.434000000000000000e+03 1.870000000000000000e+03 1.400000000000000000e+01
1.470000000000000000e+03 1.870000000000000000e+03 1.400000000000000000e+01
1.505000000000000000e+03 1.870000000000000000e+03 1.400000000000000000e+01
1.541000000000000000e+03 1.870000000000000000e+03 1.400000000000000000e+01
1.576000000000000000e+03 1.870000000000000000e+03 1.400000000000000000e+01
1.612000000000000000e+03 1.870000000000000000e+03 1.400000000000000000e+01
1.683000000000000000e+03 1.870000000000000000e+03 1.400000000000000000e+01
1.719000000000000000e+03 1.870000000000000000e+03 1.400000000000000000e+01
1.754000000000000000e+03 1.870000000000000000e+03 1.400000000000000000e+01
1.825000000000000000e+03 1.870000000000000000e+03 1.400000000000000000e+01
1.861000000000000000e+03 1.870000000000000000e+03 1.400000000000000000e+01
1.370000000000000000e+02 1.900000000000000000e+03 1.400000000000000000e+01
1.720000000000000000e+02 1.900000000000000000e+03 1.400000000000000000e+01
2.410000000000000000e+02 1.900000000000000000e+03 1.500000000000000000e+01
3.500000000000000000e+02 1.900000000000000000e+03 1.400000000000000000e+01
4.210000000000000000e+02 1.900000000000000000e+03 1.400000000000000000e+01
4.920000000000000000e+02 1.900000000000000000e+03 1.400000000000000000e+01
5.630000000000000000e+02 1.900000000000000000e+03 1.400000000000000000e+01
6.340000000000000000e+02 1.900000000000000000e+03 1.400000000000000000e+01
7.050000000000000000e+02 1.900000000000000000e+03 1.400000000000000000e+01
7.770000000000000000e+02 1.900000000000000000e+03 1.400000000000000000e+01
8.500000000000000000e+02 1.900000000000000000e+03 1.500000000000000000e+01
9.190000000000000000e+02 1.900000000000000000e+03 1.400000000000000000e+01
9.900000000000000000e+02 1.900000000000000000e+03 1.400000000000000000e+01
1.061000000000000000e+03 1.900000000000000000e+03 1.400000000000000000e+01
1.132000000000000000e+03 1.900000000000000000e+03 1.400000000000000000e+01
1.203000000000000000e+03 1.900000000000000000e+03 1.400000000000000000e+01
1.274000000000000000e+03 1.900000000000000000e+03 1.400000000000000000e+01
1.343000000000000000e+03 1.900000000000000000e+03 1.500000000000000000e+01
1.417000000000000000e+03 1.900000000000000000e+03 1.400000000000000000e+01
1.490000000000000000e+03 1.900000000000000000e+03 1.500000000000000000e+01
1.559000000000000000e+03 1.900000000000000000e+03 1.400000000000000000e+01
1.630000000000000000e+03 1.900000000000000000e+03 1.400000000000000000e+01
1.701000000000000000e+03 1.900000000000000000e+03 1.400000000000000000e+01
1.810000000000000000e+03 1.900000000000000000e+03 1.500000000000000000e+01
1.879000000000000000e+03 1.900000000000000000e+03 1.400000000000000000e+01
2.790000000000000000e+02 1.902000000000000000e+03 1.500000000000000000e+01
6.880000000000000000e+02 1.929000000000000000e+03 1.500000000000000000e+01
1.190000000000000000e+02 1.931000000000000000e+03 1.400000000000000000e+01
1.540000000000000000e+02 1.931000000000000000e+03 1.400000000000000000e+01
1.900000000000000000e+02 1.931000000000000000e+03 1.400000000000000000e+01
2.610000000000000000e+02 1.931000000000000000e+03 1.400000000000000000e+01
2.970000000000000000e+02 1.931000000000000000e+03 1.400000000000000000e+01
3.320000000000000000e+02 1.931000000000000000e+03 1.400000000000000000e+01
3.680000000000000000e+02 1.931000000000000000e+03 1.400000000000000000e+01
4.030000000000000000e+02 1.931000000000000000e+03 1.400000000000000000e+01
4.390000000000000000e+02 1.931000000000000000e+03 1.400000000000000000e+01
4.740000000000000000e+02 1.931000000000000000e+03 1.400000000000000000e+01
5.100000000000000000e+02 1.931000000000000000e+03 1.400000000000000000e+01
5.450000000000000000e+02 1.931000000000000000e+03 1.400000000000000000e+01
5.810000000000000000e+02 1.931000000000000000e+03 1.400000000000000000e+01
6.170000000000000000e+02 1.931000000000000000e+03 1.400000000000000000e+01
6.520000000000000000e+02 1.931000000000000000e+03 1.400000000000000000e+01
7.230000000000000000e+02 1.931000000000000000e+03 1.400000000000000000e+01
7.590000000000000000e+02 1.931000000000000000e+03 1.400000000000000000e+01
7.940000000000000000e+02 1.931000000000000000e+03 1.400000000000000000e+01
8.300000000000000000e+02 1.931000000000000000e+03 1.400000000000000000e+01
8.650000000000000000e+02 1.931000000000000000e+03 1.400000000000000000e+01
9.010000000000000000e+02 1.931000000000000000e+03 1.400000000000000000e+01
9.370000000000000000e+02 1.931000000000000000e+03 1.400000000000000000e+01
9.720000000000000000e+02 1.931000000000000000e+03 1.400000000000000000e+01
1.008000000000000000e+03 1.931000000000000000e+03 1.400000000000000000e+01
1.043000000000000000e+03 1.931000000000000000e+03 1.400000000000000000e+01
1.079000000000000000e+03 1.931000000000000000e+03 1.400000000000000000e+01
1.114000000000000000e+03 1.931000000000000000e+03 1.400000000000000000e+01
1.150000000000000000e+03 1.931000000000000000e+03 1.400000000000000000e+01
1.185000000000000000e+03 1.931000000000000000e+03 1.400000000000000000e+01
1.221000000000000000e+03 1.931000000000000000e+03 1.400000000000000000e+01
1.257000000000000000e+03 1.931000000000000000e+03 1.400000000000000000e+01
1.292000000000000000e+03 1.931000000000000000e+03 1.400000000000000000e+01
1.328000000000000000e+03 1.931000000000000000e+03 1.400000000000000000e+01
1.363000000000000000e+03 1.931000000000000000e+03 1.400000000000000000e+01
1.399000000000000000e+03 1.931000000000000000e+03 1.400000000000000000e+01
1.434000000000000000e+03 1.931000000000000000e+03 1.400000000000000000e+01
1.470000000000000000e+03 1.931000000000000000e+03 1.400000000000000000e+01
1.505000000000000000e+03 1.931000000000000000e+03 1.400000000000000000e+01
1.541000000000000000e+03 1.931000000000000000e+03 1.400000000000000000e+01
1.576000000000000000e+03 1.931000000000000000e+03 1.400000000000000000e+01
1.612000000000000000e+03 1.931000000000000000e+03 1.400000000000000000e+01
1.648000000000000000e+03 1.931000000000000000e+03 1.400000000000000000e+01
1.683000000000000000e+03 1.931000000000000000e+03 1.400000000000000000e+01
1.719000000000000000e+03 1.931000000000000000e+03 1.400000000000000000e+01
1.754000000000000000e+03 1.931000000000000000e+03 1.400000000000000000e+01
1.825000000000000000e+03 1.931000000000000000e+03 1.400000000000000000e+01
1.861000000000000000e+03 1.931000000000000000e+03 1.400000000000000000e+01
